# c000: c xs = nil
54,8,25;
1,20,30,5,2,2;
85,7,6,10;
3,1,10,9,3,12;
22,8,43;
53,0,0,84,2,85,7;
1,55;
86,1,15;
0,0,44,7,54,11,48,93,0,63;
;
9,64,5,3,2,7,8,0,57,5;
17,11,2,60,26,4,1,83,85,10;
9,96,90;
23,75,3,1,60,39,10,1,8;
4,9,23;
6,61,4;
10,65,15,12,66,8,19,29;
10,1,33,9,10,2,57,1,8,81;
70;
5,86,54,23,84,10,61;
2,55,1,5,2,9;
3,3,29,6,39,85,74,2,3;
5,9,92,12,72,3,78,86,87,9;
18,11,10,51,81,26;
9,47,22,3,58,5,8;
5;
0,87,7,95,6,2,14;
12,11,2;
7,22,42,51,63,80,58;
75,7,4,11,10,13,3,4;
7,49,64,89,89,48,9;
4,9,5;
34,2,4,0,7,3,19,8,72;
10,88,18,73,20;
27,7,9,45,5,0;
3,7,41,4;
0;
3,0,7,8,3,60,74,8,28,8;
5,4,90,16,24,23,10;
40;
93,3,7,82;
5,2,10,3;
6,7,2,5,3,10,1;
3,5,7,30,57,1,32;
74,75,7,5,5,10,77,1;
0,57,4,69;
17,73,4,0,30,88,26,1;
7,2,52,5;
6;
37;
